300
302.0
304.013333333
306.040088889
308.080356148
310.134225189
312.20178669
314.283131935
316.378352815
318.487541833
320.610792112
322.748197393
324.899852042
327.065851056
329.246290063
331.44126533
333.650873766
335.875212924
338.11438101
340.368476884
342.637600063
344.92185073
347.221329735
349.5361386
351.866379524
354.212155387
356.573569756
358.950726888
361.343731734
363.752689946
366.177707878
368.618892598
371.076351882
373.550194228
376.040528856
378.547465715
381.071115486
383.611589589
386.169000187
388.743460188
391.335083256
393.943983811
396.570277036
399.214078883
401.875506076
404.554676116
407.25170729
409.966718672
412.69983013
415.451162331
418.220836747
421.008975658
423.815702163
426.641140177
429.485414445
432.348650541
435.230974878
438.132514711
441.053398142
443.99375413
446.95371249
449.933403907
452.932959933
455.952512999
